"","7H:499404297","7H:499407586","7H:499432845","7H:499444013","7H:499462679","7H:499788000","7H:500129030","7H:500578826","7H:500749700","7H:500751207","7H:500831343","7H:500832046","7H:500832834","7H:500956884","7H:500959217","7H:501035530"
"7H:499404297",1,1,1,1,0.633092765174322,0.633092765174322,0.633092765174322,0.0123416481650777,0.32835476567679,0.413726731553355,0.15375636672326,0.231046380255963,0.000429194925031285,0.15375636672326,0.00179342472070259,0.000513141274776527
"7H:499407586",1,1,1,1,0.633092765174322,0.633092765174322,0.633092765174322,0.0123416481650777,0.32835476567679,0.413726731553355,0.15375636672326,0.231046380255963,0.000429194925031285,0.15375636672326,0.00179342472070259,0.000513141274776527
"7H:499432845",1,1,1,1,0.633092765174322,0.633092765174322,0.633092765174322,0.0123416481650777,0.32835476567679,0.413726731553355,0.15375636672326,0.231046380255963,0.000429194925031285,0.15375636672326,0.00179342472070259,0.000513141274776527
"7H:499444013",1,1,1,1,0.633092765174322,0.633092765174322,0.633092765174322,0.0123416481650777,0.32835476567679,0.413726731553355,0.15375636672326,0.231046380255963,0.000429194925031285,0.15375636672326,0.00179342472070259,0.000513141274776527
"7H:499462679",0.633092765174322,0.633092765174322,0.633092765174322,0.633092765174322,1,0.994086914390918,0.994086914390918,0.0196625888283256,0.57092823372445,0.648896474678021,0.244963085819556,0.439616204370618,0.00348384489667455,0.244963085819556,0.0397470968172824,0.0479634410985028
"7H:499788000",0.633092765174322,0.633092765174322,0.633092765174322,0.633092765174322,0.994086914390918,1,0.994086914390918,0.0196625888283256,0.57092823372445,0.648896474678021,0.244963085819556,0.439616204370618,0.00348384489667455,0.244963085819556,0.0397470968172824,0.0479634410985028
"7H:500129030",0.633092765174322,0.633092765174322,0.633092765174322,0.633092765174322,0.994086914390918,0.994086914390918,1,0.0196625888283256,0.57092823372445,0.648896474678021,0.244963085819556,0.439616204370618,0.00348384489667455,0.244963085819556,0.0397470968172824,0.0479634410985028
"7H:500578826",0.0123416481650777,0.0123416481650777,0.0123416481650777,0.0123416481650777,0.0196625888283256,0.0196625888283256,0.0196625888283256,1,0.0281470012141519,0.0301078500100576,0.0802675585284281,0.0314455542910618,0.0343841740698812,0.0802675585284281,0.0357979970168336,0.0490047233468286
"7H:500749700",0.32835476567679,0.32835476567679,0.32835476567679,0.32835476567679,0.57092823372445,0.57092823372445,0.57092823372445,0.0281470012141519,1,0.932653231417935,0.213680583950449,0.554513795866736,4.68548039638087e-05,0.213680583950449,0.00390767933417661,0.0839932470215239
"7H:500751207",0.413726731553355,0.413726731553355,0.413726731553355,0.413726731553355,0.648896474678021,0.648896474678021,0.648896474678021,0.0301078500100576,0.932653231417935,1,0.235318673882238,0.512390421700973,0.0030837952839633,0.235318673882238,0.00776884976630031,0.0817663767190705
"7H:500831343",0.15375636672326,0.15375636672326,0.15375636672326,0.15375636672326,0.244963085819556,0.244963085819556,0.244963085819556,0.0802675585284281,0.213680583950449,0.235318673882238,1,0.391759197209478,0.428369501953937,1,0.445983379501385,0.610517178362573
"7H:500832046",0.231046380255963,0.231046380255963,0.231046380255963,0.231046380255963,0.439616204370618,0.439616204370618,0.439616204370618,0.0314455542910618,0.554513795866736,0.512390421700973,0.391759197209478,1,0.00355733970505637,0.391759197209478,0.00127085588604224,0.0733157028210786
"7H:500832834",0.000429194925031285,0.000429194925031285,0.000429194925031285,0.000429194925031285,0.00348384489667455,0.00348384489667455,0.00348384489667455,0.0343841740698812,4.68548039638087e-05,0.0030837952839633,0.428369501953937,0.00355733970505637,1,0.428369501953937,0.545034089964247,0.640245389882992
"7H:500956884",0.15375636672326,0.15375636672326,0.15375636672326,0.15375636672326,0.244963085819556,0.244963085819556,0.244963085819556,0.0802675585284281,0.213680583950449,0.235318673882238,1,0.391759197209478,0.428369501953937,1,0.445983379501385,0.610517178362573
"7H:500959217",0.00179342472070259,0.00179342472070259,0.00179342472070259,0.00179342472070259,0.0397470968172824,0.0397470968172824,0.0397470968172824,0.0357979970168336,0.00390767933417661,0.00776884976630031,0.445983379501385,0.00127085588604224,0.545034089964247,0.445983379501385,1,0.668465528781794
"7H:501035530",0.000513141274776527,0.000513141274776527,0.000513141274776527,0.000513141274776527,0.0479634410985028,0.0479634410985028,0.0479634410985028,0.0490047233468286,0.0839932470215239,0.0817663767190705,0.610517178362573,0.0733157028210786,0.640245389882992,0.610517178362573,0.668465528781794,1
