"","7H:35712527","7H:35712553","7H:35737736","7H:35742310","7H:35743251","7H:35745361","7H:35809292","7H:35977156","7H:35977276","7H:36133500","7H:36133594","7H:36212724","7H:36245545","7H:36247547","7H:36248137","7H:36250902","7H:36260958","7H:36261127","7H:36512518","7H:36513426","7H:36673820","7H:36673880","7H:36674137","7H:36683308","7H:36696445","7H:36710382","7H:36710792","7H:37020536","7H:37020700","7H:37152116","7H:37394656"
"7H:35712527",1,0.18976144504188,0.112203657903925,0.351265385476226,0.685702863631437,0.685702863631437,0.104678188433428,0.104678188433428,0.164045197750137,0.182690388485441,0.103743160089037,0.182690388485441,0.182604283913381,0.0831756660661508,0.0831756660661508,0.0567063023872853,0.0567063023872853,0.0921157597872055,0.369577996989653,0.0457447352825816,0.374141449809517,1.96707511992176e-05,0.345496706671709,0.00953641509987388,0.0261477658848715,0.0383517530223059,0.00135540839130442,1.36837053217596e-06,1.36837053217596e-06,0.000637221748189011,0.104678188433428
"7H:35712553",0.18976144504188,1,0.0743827025532109,0.216140098370841,0.130021983884724,0.130021983884724,0.0693938744913258,0.0693938744913258,0.944679110515141,0.121110176619008,0.0687740200541449,0.962737127371274,0.281716268933867,0.0551392970981496,0.0551392970981496,0.507389543170009,0.507389543170009,0.0559301762156578,0.420537814300492,0.0190249702734839,0.344067299147844,0.124586775961981,0.340884692080301,0.0657498631636562,0.0434301799537549,0.0764897156684815,0.332397930687369,0.282542137574475,0.282542137574475,0.316631314253193,0.0693938744913258
"7H:35737736",0.112203657903925,0.0743827025532109,1,0.127801038043162,0.0768804337286301,0.0768804337286301,0.916116433270716,0.916116433270716,0.0757891411672189,0.514511943315544,0.920196031841607,0.0716109893821902,0.128255876637669,0.0326032025488543,0.0326032025488543,0.0609223024284479,0.0609223024284479,0.676390337344375,0.235626942280232,0.0112492358799609,0.175147046108625,0.0489138894237188,0.184241783993037,0.0245445461727936,0.0256797425481324,0.321048677137376,0.0532834465862242,0.0119262726293963,0.0119262726293963,0.00739961456668215,0.916116433270716
"7H:35742310",0.351265385476226,0.216140098370841,0.127801038043162,1,0.606703427245798,0.606703427245798,0.119229456438263,0.119229456438263,0.189331219369419,0.000542712386518255,0.118164450223267,0.208086097415288,0.0279821722777606,0.0244513012202988,0.0244513012202988,0.0798933861482359,0.0798933861482359,0.134368512729321,0.464859006084793,0.0703681549581664,0.436568266379667,0.0229583532553069,0.403916678687412,0.083230224421879,0.0163853919415705,0.0366481382510234,0.00642498109126433,0.0186859253322753,0.0186859253322753,0.016208630343207,0.119229456438263
"7H:35743251",0.685702863631437,0.130021983884724,0.0768804337286301,0.606703427245798,1,1.00067870230163,0.0717240835016279,0.0717240835016279,0.106712230195732,0.125176991260294,0.0710834146855818,0.125176991260294,0.12298816675353,0.0569908450605839,0.0569908450605839,0.0384023503230937,0.0384023503230937,0.0808311864776276,0.279642188809054,0.0739874709481024,0.265828027232464,0.0247793379897339,0.244871956770775,0.000207817324330743,0.0252879898608919,0.011834203294005,0.0117363126030341,0.00409400626942627,0.00409400626942627,0.00901533220037474,0.0717240835016279
"7H:35745361",0.685702863631437,0.130021983884724,0.0768804337286301,0.606703427245798,1.00067870230163,1,0.0717240835016279,0.0717240835016279,0.106712230195732,0.125176991260294,0.0710834146855818,0.125176991260294,0.12298816675353,0.0569908450605839,0.0569908450605839,0.0384023503230937,0.0384023503230937,0.0808311864776276,0.279642188809054,0.0739874709481024,0.265828027232464,0.0247793379897339,0.244871956770775,0.000207817324330743,0.0252879898608919,0.011834203294005,0.0117363126030341,0.00409400626942627,0.00409400626942627,0.00901533220037474,0.0717240835016279
"7H:35809292",0.104678188433428,0.0693938744913258,0.916116433270716,0.119229456438263,0.0717240835016279,0.0717240835016279,1,1,0.0707059836418424,0.572981366459627,0.991067591459268,0.0668080593849417,0.108458591217212,0.0304165144318597,0.0304165144318597,0.0538411118205917,0.0538411118205917,0.607659694712074,0.217869607895183,0.0104947526236881,0.160889682768824,0.0441683919944789,0.169315668702762,0.0217391304347826,0.0239574090505768,0.285108907534537,0.0451901319326858,0.00754418887033792,0.00754418887033792,0.0041517702687118,1
"7H:35977156",0.104678188433428,0.0693938744913258,0.916116433270716,0.119229456438263,0.0717240835016279,0.0717240835016279,1,1,0.0707059836418424,0.572981366459627,0.991067591459268,0.0668080593849417,0.108458591217212,0.0304165144318597,0.0304165144318597,0.0538411118205917,0.0538411118205917,0.607659694712074,0.217869607895183,0.0104947526236881,0.160889682768824,0.0441683919944789,0.169315668702762,0.0217391304347826,0.0239574090505768,0.285108907534537,0.0451901319326858,0.00754418887033792,0.00754418887033792,0.0041517702687118,1
"7H:35977276",0.164045197750137,0.944679110515141,0.0757891411672189,0.189331219369419,0.106712230195732,0.106712230195732,0.0707059836418424,0.0707059836418424,1,0.123400144892538,0.0700744089096792,0.944871366521885,0.287534163830249,0.0561818786920709,0.0561818786920709,0.517658262616502,0.517658262616502,0.0680168879947921,0.407594927192465,0.0193846970903987,0.313010279757233,0.114381839358104,0.32894043068985,0.0672894344228944,0.0442513639119014,0.0783852177575364,0.320768420446192,0.271434332388256,0.271434332388256,0.305164265200184,0.0707059836418424
"7H:36133500",0.182690388485441,0.121110176619008,0.514511943315544,0.000542712386518255,0.125176991260294,0.125176991260294,0.572981366459627,0.572981366459627,0.123400144892538,1,0.567863262808183,0.116597263533611,0.00673758537509589,0.0802764744658575,0.0802764744658575,0.0870987100105599,0.0870987100105599,0.318127520645285,0.0458533319519177,0.00352627734581358,0.0296632325243395,0.00669210773740391,0.0348724358312622,0.0435540069686411,0.0418118466898955,0.140839904639648,0.115852731658378,0.061658799024405,0.061658799024405,0.0636697196831764,0.572981366459627
"7H:36133594",0.103743160089037,0.0687740200541449,0.920196031841607,0.118164450223267,0.0710834146855818,0.0710834146855818,0.991067591459268,0.991067591459268,0.0700744089096792,0.567863262808183,1,0.0662113025047019,0.113047216152775,0.0301448216985693,0.0301448216985693,0.0527368859553796,0.0527368859553796,0.60937568018196,0.215511228877202,0.0104010092057194,0.158923925664359,0.0434670008354219,0.167262201526472,0.0213035495716034,0.0237434116853596,0.279559578260216,0.0438578809054141,0.00680795058875962,0.00680795058875962,0.0036218422188962,0.991067591459268
"7H:36212724",0.182690388485441,0.962737127371274,0.0716109893821902,0.208086097415288,0.125176991260294,0.125176991260294,0.0668080593849417,0.0668080593849417,0.944871366521885,0.116597263533611,0.0662113025047019,1,0.306139613120269,0.0530846484935437,0.0530846484935437,0.536129473444267,0.536129473444267,0.075290954484348,0.425370992674744,0.0183160452294178,0.330175078350054,0.119586859133897,0.345985964296907,0.0736062717770035,0.0418118466898955,0.0953756342074699,0.356796575444549,0.305904030613956,0.305904030613956,0.340705551807318,0.0668080593849417
"7H:36245545",0.182604283913381,0.281716268933867,0.128255876637669,0.0279821722777606,0.12298816675353,0.12298816675353,0.108458591217212,0.108458591217212,0.287534163830249,0.00673758537509589,0.113047216152775,0.306139613120269,1,0.123898071666834,0.123898071666834,0.571018062397373,0.571018062397373,0.236604058444949,0.0273740081627428,0.0480908970801955,0.0242088332583848,0.0185676392572944,0.0358990132693596,0.0746021220159151,0.0253748714339847,0.063707012890316,0.0773493344427366,0.0462531227367787,0.0462531227367787,0.0330140224725426,0.108458591217212
"7H:36247547",0.0831756660661508,0.0551392970981496,0.0326032025488543,0.0244513012202988,0.0569908450605839,0.0569908450605839,0.0304165144318597,0.0304165144318597,0.0561818786920709,0.0802764744658575,0.0301448216985693,0.0530846484935437,0.123898071666834,1,1,0.0990146058423369,0.0990146058423369,0.0342786248357611,0.118589743589744,0.00833896777101641,0.145576071856057,0.399759903961585,0.137360423621503,0.362508516920281,0.0102624061207494,0.049093321539142,0.133403361344538,0.154335647302399,0.154335647302399,0.139379889886989,0.0304165144318597
"7H:36248137",0.0831756660661508,0.0551392970981496,0.0326032025488543,0.0244513012202988,0.0569908450605839,0.0569908450605839,0.0304165144318597,0.0304165144318597,0.0561818786920709,0.0802764744658575,0.0301448216985693,0.0530846484935437,0.123898071666834,1,1,0.0990146058423369,0.0990146058423369,0.0342786248357611,0.118589743589744,0.00833896777101641,0.145576071856057,0.399759903961585,0.137360423621503,0.362508516920281,0.0102624061207494,0.049093321539142,0.133403361344538,0.154335647302399,0.154335647302399,0.139379889886989,0.0304165144318597
"7H:36250902",0.0567063023872853,0.507389543170009,0.0609223024284479,0.0798933861482359,0.0384023503230937,0.0384023503230937,0.0538411118205917,0.0538411118205917,0.517658262616502,0.0870987100105599,0.0527368859553796,0.536129473444267,0.571018062397373,0.0990146058423369,0.0990146058423369,1,1,0.140434276072634,0.161534072052018,0.0842195724567622,0.169023331241963,0.0793721434575907,0.185367695433256,0.01903927458834,0.0430523010272199,0.0136092763060299,0.283433987744459,0.237861022990985,0.237861022990985,0.193149073506792,0.0538411118205917
"7H:36260958",0.0567063023872853,0.507389543170009,0.0609223024284479,0.0798933861482359,0.0384023503230937,0.0384023503230937,0.0538411118205917,0.0538411118205917,0.517658262616502,0.0870987100105599,0.0527368859553796,0.536129473444267,0.571018062397373,0.0990146058423369,0.0990146058423369,1,1,0.140434276072634,0.161534072052018,0.0842195724567622,0.169023331241963,0.0793721434575907,0.185367695433256,0.01903927458834,0.0430523010272199,0.0136092763060299,0.283433987744459,0.237861022990985,0.237861022990985,0.193149073506792,0.0538411118205917
"7H:36261127",0.0921157597872055,0.0559301762156578,0.676390337344375,0.134368512729321,0.0808311864776276,0.0808311864776276,0.607659694712074,0.607659694712074,0.0680168879947921,0.318127520645285,0.60937568018196,0.075290954484348,0.236604058444949,0.0342786248357611,0.0342786248357611,0.140434276072634,0.140434276072634,1,0.21256659659624,0.0118273146891121,0.220557044638562,0.0738209509525595,0.163626746401842,0.013503937007874,0.0269993801795184,0.404112841158013,0.0799513490532772,0.0269953985837457,0.0269953985837457,0.0197699558112265,0.607659694712074
"7H:36512518",0.369577996989653,0.420537814300492,0.235626942280232,0.464859006084793,0.279642188809054,0.279642188809054,0.217869607895183,0.217869607895183,0.407594927192465,0.0458533319519177,0.215511228877202,0.425370992674744,0.0273740081627428,0.118589743589744,0.118589743589744,0.161534072052018,0.161534072052018,0.21256659659624,1,0.040917575400334,0.773475815435055,0.279113354743607,0.80955133542132,0.175016160310278,0.0934065934065934,0.0210372273065772,0.135932457927595,0.177685939416576,0.177685939416576,0.217793830447911,0.217869607895183
"7H:36513426",0.0457447352825816,0.0190249702734839,0.0112492358799609,0.0703681549581664,0.0739874709481024,0.0739874709481024,0.0104947526236881,0.0104947526236881,0.0193846970903987,0.00352627734581358,0.0104010092057194,0.0183160452294178,0.0480908970801955,0.00833896777101641,0.00833896777101641,0.0842195724567622,0.0842195724567622,0.0118273146891121,0.040917575400334,1,0.000613440792103361,0.0208599404001703,0.000353621032290936,0.00109469074986317,0.00656814449917897,0.0104571774263245,0.0025929307764768,0.00115114496974662,0.00115114496974662,0.000160065855666331,0.0104947526236881
"7H:36673820",0.374141449809517,0.344067299147844,0.175147046108625,0.436568266379667,0.265828027232464,0.265828027232464,0.160889682768824,0.160889682768824,0.313010279757233,0.0296632325243395,0.158923925664359,0.330175078350054,0.0242088332583848,0.145576071856057,0.145576071856057,0.169023331241963,0.169023331241963,0.220557044638562,0.773475815435055,0.000613440792103361,1,0.364158762330616,0.942711146600411,0.140094540896605,0.114662234203226,0.119319487079434,0.0800123597033964,0.107922805692293,0.107922805692293,0.143141866910803,0.160889682768824
"7H:36673880",1.96707511992176e-05,0.124586775961981,0.0489138894237188,0.0229583532553069,0.0247793379897339,0.0247793379897339,0.0441683919944789,0.0441683919944789,0.114381839358104,0.00669210773740391,0.0434670008354219,0.119586859133897,0.0185676392572944,0.399759903961585,0.399759903961585,0.0793721434575907,0.0793721434575907,0.0738209509525595,0.279113354743607,0.0208599404001703,0.364158762330616,1,0.343607305936073,0.462809917355372,0.314868804664723,0.0107989210860024,0.333708708708709,0.346862673981049,0.346862673981049,0.311397414845691,0.0441683919944789
"7H:36674137",0.345496706671709,0.340884692080301,0.184241783993037,0.403916678687412,0.244871956770775,0.244871956770775,0.169315668702762,0.169315668702762,0.32894043068985,0.0348724358312622,0.167262201526472,0.345985964296907,0.0358990132693596,0.137360423621503,0.137360423621503,0.185367695433256,0.185367695433256,0.163626746401842,0.80955133542132,0.000353621032290936,0.942711146600411,0.343607305936073,1,0.187971222257619,0.108191221694157,0.0845223923140122,0.0980657770447387,0.129936461471255,0.129936461471255,0.167221211483606,0.169315668702762
"7H:36683308",0.00953641509987388,0.0657498631636562,0.0245445461727936,0.083230224421879,0.000207817324330743,0.000207817324330743,0.0217391304347826,0.0217391304347826,0.0672894344228944,0.0435540069686411,0.0213035495716034,0.0736062717770035,0.0746021220159151,0.362508516920281,0.362508516920281,0.01903927458834,0.01903927458834,0.013503937007874,0.175016160310278,0.00109469074986317,0.140094540896605,0.462809917355372,0.187971222257619,1,0.0136054421768708,0.0104393214441061,0.214527027027027,0.248188405797101,0.248188405797101,0.207228116710875,0.0217391304347826
"7H:36696445",0.0261477658848715,0.0434301799537549,0.0256797425481324,0.0163853919415705,0.0252879898608919,0.0252879898608919,0.0239574090505768,0.0239574090505768,0.0442513639119014,0.0418118466898955,0.0237434116853596,0.0418118466898955,0.0253748714339847,0.0102624061207494,0.0102624061207494,0.0430523010272199,0.0430523010272199,0.0269993801795184,0.0934065934065934,0.00656814449917897,0.114662234203226,0.314868804664723,0.108191221694157,0.0136054421768708,1,0.0131578947368421,0.105074462217319,0.0912038146476193,0.0912038146476193,0.0810011007055342,0.0239574090505768
"7H:36710382",0.0383517530223059,0.0764897156684815,0.321048677137376,0.0366481382510234,0.011834203294005,0.011834203294005,0.285108907534537,0.285108907534537,0.0783852177575364,0.140839904639648,0.279559578260216,0.0953756342074699,0.063707012890316,0.049093321539142,0.049093321539142,0.0136092763060299,0.0136092763060299,0.404112841158013,0.0210372273065772,0.0104571774263245,0.119319487079434,0.0107989210860024,0.0845223923140122,0.0104393214441061,0.0131578947368421,1,0.270981507823613,0.165365214050677,0.165365214050677,0.143340779003211,0.285108907534537
"7H:36710792",0.00135540839130442,0.332397930687369,0.0532834465862242,0.00642498109126433,0.0117363126030341,0.0117363126030341,0.0451901319326858,0.0451901319326858,0.320768420446192,0.115852731658378,0.0438578809054141,0.356796575444549,0.0773493344427366,0.133403361344538,0.133403361344538,0.283433987744459,0.283433987744459,0.0799513490532772,0.135932457927595,0.0025929307764768,0.0800123597033964,0.333708708708709,0.0980657770447387,0.214527027027027,0.105074462217319,0.270981507823613,1,0.864371670941014,0.864371670941014,0.767475499894724,0.0451901319326858
"7H:37020536",1.36837053217596e-06,0.282542137574475,0.0119262726293963,0.0186859253322753,0.00409400626942627,0.00409400626942627,0.00754418887033792,0.00754418887033792,0.271434332388256,0.061658799024405,0.00680795058875962,0.305904030613956,0.0462531227367787,0.154335647302399,0.154335647302399,0.237861022990985,0.237861022990985,0.0269953985837457,0.177685939416576,0.00115114496974662,0.107922805692293,0.346862673981049,0.129936461471255,0.248188405797101,0.0912038146476193,0.165365214050677,0.864371670941014,1,1,0.875621215220576,0.00754418887033792
"7H:37020700",1.36837053217596e-06,0.282542137574475,0.0119262726293963,0.0186859253322753,0.00409400626942627,0.00409400626942627,0.00754418887033792,0.00754418887033792,0.271434332388256,0.061658799024405,0.00680795058875962,0.305904030613956,0.0462531227367787,0.154335647302399,0.154335647302399,0.237861022990985,0.237861022990985,0.0269953985837457,0.177685939416576,0.00115114496974662,0.107922805692293,0.346862673981049,0.129936461471255,0.248188405797101,0.0912038146476193,0.165365214050677,0.864371670941014,1,1,0.875621215220576,0.00754418887033792
"7H:37152116",0.000637221748189011,0.316631314253193,0.00739961456668215,0.016208630343207,0.00901533220037474,0.00901533220037474,0.0041517702687118,0.0041517702687118,0.305164265200184,0.0636697196831764,0.0036218422188962,0.340705551807318,0.0330140224725426,0.139379889886989,0.139379889886989,0.193149073506792,0.193149073506792,0.0197699558112265,0.217793830447911,0.000160065855666331,0.143141866910803,0.311397414845691,0.167221211483606,0.207228116710875,0.0810011007055342,0.143340779003211,0.767475499894724,0.875621215220576,0.875621215220576,1,0.0041517702687118
"7H:37394656",0.104678188433428,0.0693938744913258,0.916116433270716,0.119229456438263,0.0717240835016279,0.0717240835016279,1,1,0.0707059836418424,0.572981366459627,0.991067591459268,0.0668080593849417,0.108458591217212,0.0304165144318597,0.0304165144318597,0.0538411118205917,0.0538411118205917,0.607659694712074,0.217869607895183,0.0104947526236881,0.160889682768824,0.0441683919944789,0.169315668702762,0.0217391304347826,0.0239574090505768,0.285108907534537,0.0451901319326858,0.00754418887033792,0.00754418887033792,0.0041517702687118,1
