"","7H:481621133","7H:481638501","7H:481649018","7H:482466468","7H:482468277","7H:482468420","7H:482469626","7H:483224293","7H:483225068"
"7H:481621133",1,1.01742419387983,0.151861675507957,0.20287771120807,0.0282713123528009,0.0207065753886726,1.14007994954001e-05,3.71922738581506e-05,3.71922738581506e-05
"7H:481638501",1.01742419387983,1,0.151861675507957,0.20287771120807,0.0282713123528009,0.0207065753886726,1.14007994954001e-05,3.71922738581506e-05,3.71922738581506e-05
"7H:481649018",0.151861675507957,0.151861675507957,1,0.283717679944095,0.192330917874396,0.186081242532855,0.165227403569372,0.030204394821139,0.030204394821139
"7H:482466468",0.20287771120807,0.20287771120807,0.283717679944095,1,0.677895427286357,0.655867630700778,0.211757989037309,0.00986652938541271,0.00986652938541271
"7H:482468277",0.0282713123528009,0.0282713123528009,0.192330917874396,0.677895427286357,1,0.967505612666903,0.194923819621277,0.00119838464156151,0.00119838464156151
"7H:482468420",0.0207065753886726,0.0207065753886726,0.186081242532855,0.655867630700778,0.967505612666903,1,0.203298233884896,0.000853413903542706,0.000853413903542706
"7H:482469626",1.14007994954001e-05,1.14007994954001e-05,0.165227403569372,0.211757989037309,0.194923819621277,0.203298233884896,1,0.0703871877731401,0.0703871877731401
"7H:483224293",3.71922738581506e-05,3.71922738581506e-05,0.030204394821139,0.00986652938541271,0.00119838464156151,0.000853413903542706,0.0703871877731401,1,0.990335697279514
"7H:483225068",3.71922738581506e-05,3.71922738581506e-05,0.030204394821139,0.00986652938541271,0.00119838464156151,0.000853413903542706,0.0703871877731401,0.990335697279514,1
