"","7H:496052267","7H:496054209","7H:496057179","7H:496058040","7H:496059094","7H:496430435","7H:496915681","7H:496917668","7H:496992207"
"7H:496052267",1,0.750968516434043,1.02136000804161,1.00069930442105,1.02136000804161,0.478392314906145,0.494561632088121,0.196721934616776,0.21037264995366
"7H:496054209",0.750968516434043,1,0.750968516434043,0.735767484383601,0.750968516434043,0.661093081583425,0.639626724870145,0.27479380482039,0.256422586579828
"7H:496057179",1.02136000804161,0.750968516434043,1,1.00069930442105,1.02136000804161,0.478392314906145,0.494561632088121,0.196721934616776,0.21037264995366
"7H:496058040",1.00069930442105,0.735767484383601,1.00069930442105,1,1.00069930442105,0.468378170360078,0.484218915054488,0.1924439962748,0.205815594316391
"7H:496059094",1.02136000804161,0.750968516434043,1.02136000804161,1.00069930442105,1,0.478392314906145,0.494561632088121,0.196721934616776,0.21037264995366
"7H:496430435",0.478392314906145,0.661093081583425,0.478392314906145,0.468378170360078,0.478392314906145,1,0.965051190788876,0.470535350729813,0.442979794872292
"7H:496915681",0.494561632088121,0.639626724870145,0.494561632088121,0.484218915054488,0.494561632088121,0.965051190788876,1,0.456920255957474,0.481755464384771
"7H:496917668",0.196721934616776,0.27479380482039,0.196721934616776,0.1924439962748,0.196721934616776,0.470535350729813,0.456920255957474,1,0.932191758963461
"7H:496992207",0.21037264995366,0.256422586579828,0.21037264995366,0.205815594316391,0.21037264995366,0.442979794872292,0.481755464384771,0.932191758963461,1
